[Area]
top=   0.596617139096375
bottom=0.5966143637661875
left=0.36351312996895496
right=0.3635157646691475

[ImageSize]
ImageWidth=4000
ImageHeight=4000

[Operation]
MaxIteration=100
